65

35 01100000101000001000000000000000000 -16
2 10 -21533.3
56 00101010101000000000000000000000000000000000000000000000 -16
21 111000001000111000000 -64
5 01111 -3043.92
15 011000000110000 -16
7 1110001 0
62 00100101001000000000000000000000000000000000000000000000000000 -16
45 000000000000000100000000000000000000100000000 -2
9 111010100 0
46 1000000000000000000000000000000000001000010000 -2
61 0011000001100000000000000000000000000000000000000000000000000 -8
3 111 -16893.9
26 01100100001000000000000000 -16
24 001000000000000010000000 -4
19 0001000010010100000 -16
53 00011000100001000000000000000000000000000000000000000 -16
27 010010001000010000000000000 -16
40 0100000010001110000000000000000000000000 -16
23 00000000000000010000001 -2
16 0110000000001100 -16
57 000000101000010011000010010000000000000000000000000000000 -64
64 0010000000100000100000000000000000000000000000000000000000000000 -9.50978
33 000000000000000000000010000000010 -111.154
4 0111 -11386.8
34 0011000010100000000000000000000000 -16
12 001110000000 -4
50 00100000000110001000000000000000000001000000000000 -16
31 1110001000100000000000000000000 -32
32 00110000010001000000000000000000 -16
13 0010101000001 -16
54 010000001100010000000000000000000000000000000000000000 -16
17 01111000100011100 -256
1 0 -19399.4
59 00100111001000000000000000000000000000000000000000000000000 -16
20 01100100101000000000 -32
42 000000000000000000000000000000000000000001 -2
43 1000010000000000000000000000000000001000000 -2
49 0000001010000110000000100100000000000000000000000 -32
51 111000100010000000000000000000000000000000000000000 -16
41 10000000100001100000000000000000000000000 -8
37 0011001000000000000000000000000000000 -96.3716
48 000000001000001000000010000000000000000000000000 -2
55 1010000011100000000000000000000000000000000000000000000 -16
36 111000001010000000000000000000000000 -32
14 00110000101000 -16
28 0010000110100000000000000000 -4
30 011000001110000000000000000000 -32
11 00100010111 -32
18 000010001100010000 -16
10 1110000000 0
60 101010100010000000000000000000000000000000000000000000000000 -32
63 001100001010000000000000000000000000000000000000000000000000000 -16
29 00100010001001000000000000000 -8
6 111000 0
39 001101000010000000000000000000000000000 -16
44 10000100000000000000000000000000000010000000 -2
22 1000010001000000000000 -2
0 0 -1499.06
52 0011100001100000000000000000000000000000000000000000 -32
47 10000100000000000000000000000000000010000000000 -2
25 0110001010100000000000000 -32
58 0011000010100000000000000000000000000000000000000000000000 -16
8 11100000 0
38 00100010011000000000000000000000000000 -8

